CA510 26.238000 134.912000 50.589000
CA516 21.374000 126.452000 47.990000
CA539 31.430000 117.601000 54.617000
CA545 45.585000 118.358000 49.597000
CA546 46.829000 114.881000 48.697000
CA551 41.391000 114.140000 42.026000
CA571 50.617000 124.811000 29.031000
CA510 34.567000 119.125000 37.367000
CA516 38.009000 128.279000 38.833000
CA539 41.126000 126.481000 53.231000
CA545 33.796000 124.519000 59.665000
CA546 32.599000 125.530000 63.147000
CA551 27.490000 133.068000 59.965000
CA571 8.857000 130.203000 57.209000
CA510 42.729000 55.947000 49.200000
CA516 42.608000 46.731000 45.415000
CA539 30.268000 48.539000 37.440000
CA545 21.683000 50.544000 41.959000
CA546 18.006000 49.537000 41.893000
CA551 19.150000 41.978000 47.763000
CA571 15.003000 44.800000 66.174000
CA510 27.380000 40.099000 52.353000
CA516 28.094000 48.559000 57.741000
CA539 25.523000 57.403000 46.037000
CA545 35.243000 56.645000 34.613000
CA546 36.493000 60.132000 33.773000
CA551 40.821000 60.862000 41.222000
CA571 55.751000 49.978000 36.981000
CA510 38.137000 97.400000 27.389000
CA516 33.489000 89.781000 22.848000
CA539 37.103000 80.771000 35.023000
CA545 29.850000 88.764000 39.690000
CA546 28.942000 91.872000 41.687000
CA551 33.450000 96.752000 35.934000
CA571 19.886000 97.893000 22.997000
CA510 53.283000 77.618000 49.474000
CA516 55.839000 85.270000 55.400000
CA539 45.781000 94.270000 47.668000
CA545 38.836000 86.276000 52.789000
CA546 36.652000 83.153000 52.866000
CA551 43.645000 78.297000 50.800000
CA571 50.916000 77.150000 68.101000
